1.7753 -40.8932 1.3283
-2.1875 69.5821 3.7825
1.7898 -45.8337 1.4208
-1.7102 -35.7954 0.9089
2.0707 64.4364 3.1349
0.44411 14.3659 -5.9056
-1.3445 39.8267 -1.4675
1.8614 -11.6822 1.8742
-0.33794 -6.8675 -6.1701
-1.3883 35.0751 -1.1867
2.5363 81.7052 5.3781
1.5532 -47.8977 -0.1152
1.1915 -73.6339 -2.4214
-2.3656 -61.8194 4.6678
-2.2259 17.0087 3.9846
-2.6806 64.4652 5.8574
1.4005 85.1716 -1.1081
-0.046253 30.9766 -6.533
2.4512 7.7051 5.0424
-1.3684 95.1915 -1.3144
-2.9127 -34.7511 6.3695
2.972 -26.9935 6.4462
-1.1991 -75.8175 -2.375
2.6123 -72.9044 5.6452
-1.0548 79.496 -3.2267
-0.0022068 23.0576 -6.54
0.52234 39.6508 -5.6679
-2.9573 5.5765 6.4292
-2.9401 65.4285 6.4077
-1.0054 69.3422 -3.5038
-1.5955 16.2983 0.1615
2.75 -90.4425 6.0449
-2.8024 -95.8764 6.1675
1.1403 19.7257 -2.7295
-2.4251 59.2491 4.932
0.74048 -85.9573 -4.8275
-2.7063 -72.7985 5.9301
1.8152 -81.5203 1.5823
-1.647 -51.2704 0.498
-2.483 71.6706 5.1721
1.2453 46.7484 -2.0912
0.94581 3.2541 -3.8265
-1.0908 32.3552 -3.0198
-2.4029 -70.4365 4.8354
-3.0174 92.8583 6.4896
2.9554 -75.2279 6.427
-0.20477 31.3388 -6.4034
-1.3183 50.9073 -1.6338
0.36517 -14.4415 -6.1088
-1.4628 50.7472 -0.7052
2.5031 45.6888 5.2515
-0.5854 87.6632 -5.451
-1.5367 6.6326 -0.223
2.8573 -46.4505 6.2775
-1.5703 85.5345 -0.0035
-2.7107 -40.1199 5.9421
0.57544 -59.3402 -5.4868
0.85378 59.6741 -4.2977
0.010688 30.1624 -6.5396
1.8595 -53.3252 1.8623
0.63359 -77.5075 -5.2706
0.099059 67.5681 -6.5079
2.6439 -0.35441 5.7466
-1.3973 30.504 -1.1289
2.622 1.9679 5.6767
2.9794 -60.5442 6.4542
-2.443 -40.5291 5.008
-0.65082 -15.8489 -5.2031
-1.1845 38.7686 -2.4638
-2.5643 -19.5823 5.4803
-1.2869 -38.7006 -1.8317
-2.4783 18.7655 5.1534
-1.3652 -68.9557 -1.3354
-3.1375 -43.2809 6.5399
0.31925 74.1804 -6.2095
-2.8761 80.9444 6.3109
-2.3187 66.7458 4.4477
1.8879 83.576 2.0393
-2.2789 0.94646 4.2535
-0.59716 -65.2856 -5.4081
0.47239 21.2436 -5.8238
-1.7942 3.9865 1.4489
3.0736 -2.017 6.5249
1.2244 -17.7156 -2.2202
-2.9231 -41.4337 6.3845
1.894 -30.6996 2.0772
-2.6181 2.2213 5.6642
-0.83671 47.8959 -4.3812
0.15545 60.9042 -6.4611
1.9912 -62.1057 2.6692
-2.3644 64.1993 4.6623
0.86644 -96.776 -4.235
2.4879 3.075 5.1916
0.27974 21.2884 -6.2858
1.6364 71.0694 0.4285
-0.73596 -83.0702 -4.8474
1.4695 -33.6021 -0.6615
2.1347 -25.6553 3.4956
2.0622 -64.6963 3.0862
-2.3278 75.9767 4.4913
